image: map.pgm
resolution: 0.030000
origin: [-12.510000, -11.550000, 0.000000]
negate: 0
occupied_thresh: 0.65
free_thresh: 0.196

